Input File: problems/test2.epp, num of bins: 100, bin capacity: 137
SUCESSFUL run, total iterations: 540
Best Individual Fitness: 0 Total Items utilised: 272 with values: 0,0,84,0,0,0,0,36,0,45,2,0,0,19,10,0,65,0,77,92,15,0,0,63,0,0,0,0,0,63,34,19,0,17,0,96,33,5,8,0,0,0,0,0,0,6,60,0,14,0,0,80,63,0,0,0,14,0,5,71,0,0,0,61,0,0,74,12,0,78,22,8,0,23,0,0,0,32,58,0,0,0,98,75,0,13,0,0,0,0,75,0,10,63,0,0,67,0,0,0,11,0,11,0,72,94,38,49,85,0,0,65,0,43,22,11,0,21,10,59,68,30,0,0,0,0,0,0,25,40,97,81,90,80,0,0,0,0,83,0,0,35,0,0,0,0,0,0,66,66,30,48,0,0,6,32,79,98,0,5,21,72,0,0,36,36,12,0,95,43,0,0,23,0,82,77,0,0,96,53,94,0,34,0,67,26,91,0,20,49,0,62,95,0,19,3,16,0,0,52,17,100,66,71,3,0,0,0,0,0,49,43,0,90,46,0,0,0,5,45,0,82,0,0,0,74,9,10,0,0,40,0,0,13,46,2,0,28,8,93,0,0,61,98,44,32,0,0,0,82,0,5,0,65,2,84,48,0,30,41,85,0,76,30,0,0,96,0,83,3,31,4,0,0,99,77,27,0,78,0,0,0,96,0,2,97,90,0,99,38,0,0,53,0,34,50,0,96,25,25,64,73,9,15,0,28,34,0,0,40,0,39,0,0,0,85,0,72,0,5,0,58,0,66,36,0,51,86,55,17,0,0,73,0,0,43,12,0,16,0,81,0,0,30,60,0,0,37,87,0,59,0,65,0,0,39,75,41,0,98,0,4,99,91,9,31,82,0,0,0,13,23,3,6,0,0,0,85,95,0,0,48,43,0,0,17,72,0,0,80,0,41,70,0,27,26,0,0,0,84,59,74,26,38,44,87,28,0,0,0,53,71,0,30,0,14,39,1,0,11,31,0,7,0,63,60,100,4,0,67,15,47,20,0,0,0,94,52,0,13,31,93,75,0,0,95,79,0,78,0,48,68,78,0,0,0,0,37,0,95,37,0,49,0,47,0,9,0,0,50,34,0,59,92,80,0,59,0,0,0,68,0,83,42,26,4,0,75,0,0,0,53,79,0,0,0,0,18,0,28
Crossover Method: Two-Point
Population size: 100
Tournament Size: 10
Mutation Rate: 0.05
_______________________________________________________________________________________
Input File: problems/test2.epp, num of bins: 107, bin capacity: 137
SUCESSFUL run, total iterations: 2032
Best Individual Fitness: 0 Total Items utilised: 289 with values: 0,0,0,0,44,0,0,0,81,0,8,0,0,0,57,76,0,0,0,0,94,0,80,37,34,7,12,46,0,68,0,0,0,55,0,0,25,0,14,0,0,0,0,94,67,0,12,97,0,0,0,26,76,49,88,0,0,0,0,0,33,0,0,34,0,68,0,12,0,6,0,51,65,43,0,62,0,16,51,0,65,104,2,71,0,96,51,77,0,0,25,0,105,0,55,0,0,0,0,0,0,0,107,0,57,90,33,0,0,0,42,31,4,47,0,83,63,44,0,53,0,53,60,0,0,37,78,0,0,35,79,38,82,83,0,45,17,51,15,23,7,40,104,0,80,34,0,0,87,88,107,99,0,0,79,0,0,95,0,95,9,0,0,0,102,25,38,0,103,99,0,0,96,0,3,13,13,92,0,93,69,45,75,98,0,0,24,3,84,83,37,71,21,70,0,102,27,0,51,0,12,99,0,33,23,0,0,0,0,0,0,0,0,59,67,62,0,0,79,0,60,31,91,25,0,0,0,1,0,0,103,60,33,45,0,94,53,24,6,0,0,0,0,73,0,0,17,0,10,86,71,27,81,63,0,0,42,19,7,0,0,0,94,38,0,50,0,48,92,63,71,41,0,0,25,0,0,76,46,39,0,0,25,48,0,75,84,0,0,67,49,0,0,106,89,60,0,62,102,49,84,52,90,5,81,33,79,0,30,0,0,72,0,83,77,94,107,0,22,0,1,71,0,0,54,0,88,0,87,0,7,96,65,0,0,0,14,54,66,91,86,0,61,0,12,0,0,100,93,0,74,42,102,45,103,104,91,24,46,0,0,82,43,90,38,0,1,0,63,10,0,46,0,0,0,23,9,0,0,0,59,47,0,0,0,0,85,0,0,19,0,18,92,0,0,17,0,37,0,62,92,35,0,0,29,6,82,60,0,49,0,20,0,0,0,0,83,32,36,87,0,56,0,0,21,35,70,0,80,0,20,0,20,21,31,40,75,104,43,96,93,0,0,0,0,5,3,107,72,19,0,41,0,53,0,0,0,30,44,10,80,85,59,0,70,33,74,51,0,4,24,0,79,22,0,0,12,32,16,89,0,0,54,74,97,97,0,23,0,17,0,77,4,100,0,54,0,84,100,0
Crossover Method: Two-Point
Population size: 100
Tournament Size: 10
Mutation Rate: 0.05
_______________________________________________________________________________________
Input File: problems/test2.epp, num of bins: 107, bin capacity: 137
SUCESSFUL run, total iterations: 530
Best Individual Fitness: 0 Total Items utilised: 289 with values: 26,0,0,44,0,0,10,28,40,39,0,0,0,0,0,0,66,0,0,8,96,0,0,52,0,0,30,95,0,72,0,13,78,22,0,0,86,0,101,0,0,0,0,34,38,0,19,0,50,18,0,0,0,0,1,102,103,0,75,85,82,0,0,9,0,36,0,29,0,99,10,0,105,0,0,0,0,0,104,0,51,0,58,92,3,81,92,58,98,34,0,0,88,15,0,0,87,0,56,53,5,10,89,27,92,45,0,22,72,105,0,0,0,7,0,58,0,19,0,7,0,53,7,0,23,100,67,51,0,36,79,0,76,55,61,16,0,0,5,33,79,56,0,0,0,107,0,0,107,31,2,69,0,71,95,0,17,44,89,5,21,16,0,48,63,41,0,0,0,93,95,73,40,0,0,0,0,53,48,87,0,90,20,14,0,0,102,0,105,27,0,0,0,74,0,0,64,0,53,11,3,67,84,0,83,94,0,50,91,0,62,0,2,84,7,0,0,0,85,0,0,0,0,0,0,32,0,0,90,43,8,0,0,63,104,0,0,77,46,62,65,0,58,30,0,19,0,0,0,86,0,7,67,15,57,86,0,23,0,0,17,0,94,41,0,68,65,0,45,0,97,84,0,93,76,77,0,19,79,1,0,0,14,0,6,22,2,0,0,83,0,54,44,0,0,0,51,82,43,98,70,88,33,50,0,43,0,75,30,0,0,39,11,13,0,0,0,0,96,106,68,90,0,0,66,72,0,25,60,38,45,0,97,0,0,0,0,0,60,0,107,47,0,0,70,0,81,102,46,0,74,52,107,0,59,54,0,99,12,0,41,0,70,0,74,39,92,81,93,65,99,45,90,0,0,0,0,0,29,41,0,0,0,0,55,43,0,88,58,40,36,0,102,0,49,20,66,0,31,0,26,24,26,0,89,0,63,0,45,0,65,28,12,95,34,0,98,17,0,101,43,0,39,0,27,76,90,33,3,23,86,0,105,0,84,0,103,89,0,0,81,80,77,51,69,22,0,0,79,0,0,67,0,0,0,24,102,30,0,0,23,0,35,0,0,85,99,0,55,14,0,0,13,6,54,74,0,74,33,0,0,28,0,44,79,0,0,61,0,29,107,31,0,40,24,0,1,0,0,13
Crossover Method: One-Point
Population size: 100
Tournament Size: 10
Mutation Rate: 0.05
_______________________________________________________________________________________
Input File: problems/test3.epp, num of bins: 107, bin capacity: 137
FAILED to find optimal solutionBest Individual Fitness: 17 Total Items utilised: 207 with values: 0,2,0,17,0,10,0,62,45,0,0,0,0,0,0,0,95,0,0,0,0,0,87,9,73,62,0,0,11,0,0,48,0,41,0,0,0,0,0,0,0,18,72,0,0,0,98,39,86,0,0,0,87,74,92,31,0,44,0,0,74,56,40,58,27,0,36,0,0,0,0,8,0,0,0,0,0,0,0,0,0,0,37,86,2,75,0,38,0,0,0,0,0,0,0,0,90,0,29,0,0,0,0,0,0,70,24,0,0,0,0,0,0,0,58,7,90,14,84,0,26,0,0,69,53,16,71,104,0,0,0,68,30,0,0,0,0,0,9,17,0,0,0,12,65,0,34,0,0,62,0,57,0,0,0,0,41,0,0,0,21,0,0,30,34,0,0,0,0,0,38,0,0,0,33,100,0,0,26,0,0,103,0,107,19,91,0,0,101,27,94,0,0,13,0,0,0,88,0,61,0,0,0,103,47,0,0,0,20,62,55,11,0,107,0,0,22,0,1,0,0,102,45,39,0,0,82,0,84,0,100,0,92,0,0,80,29,26,28,5,0,93,95,102,0,0,0,0,0,63,0,25,25,0,0,0,0,101,0,40,0,85,0,0,0,74,16,81,76,0,53,0,83,79,70,0,0,0,0,87,81,97,5,0,89,0,0,24,0,0,43,0,89,0,0,22,103,0,0,0,33,0,83,0,0,0,83,0,0,41,0,11,99,0,65,103,0,0,20,0,100,22,0,0,0,0,19,0,0,0,0,0,0,0,0,72,18,0,0,9,88,0,80,31,0,0,101,11,24,0,97,99,104,0,0,0,0,100,0,70,80,49,47,0,76,10,0,0,66,62,0,0,0,36,0,0,0,0,0,99,0,9,0,0,0,27,0,0,0,0,0,12,0,0,101,0,30,64,0,0,91,0,44,0,0,48,78,67,0,102,84,0,91,0,0,0,0,0,0,0,0,94,0,40,0,0,56,93,81,0,0,0,41,30,13,0,34,39,28,43,71,0,54,81,95,0,0,0,51,32,0,10,0,18,0,106,0,0,15,0,0,85,6,0,0,0,0,0,38,0,0,28,0,0,18,42,102,0,0,0,23,0,0,29,0,0,0,0,0,1,0,0,0,0,0,0,63,0,0,0
Crossover Method: One-Point
Population size: 100
Tournament Size: 10
Mutation Rate: 0.05
_______________________________________________________________________________________
Input File: problems/test3.epp, num of bins: 107, bin capacity: 137
FAILED to find optimal solutionBest Individual Fitness: 4 Total Items utilised: 213 with values: 80,95,0,68,0,99,0,32,56,0,0,81,0,0,0,0,0,0,22,0,0,0,0,28,0,88,0,0,92,57,0,76,0,46,0,84,0,0,65,0,0,73,0,0,0,0,61,0,27,0,0,0,4,46,29,32,23,87,0,0,85,0,29,24,33,0,33,0,0,0,0,101,0,0,0,0,0,7,55,26,97,0,23,86,63,0,0,39,0,0,0,0,0,0,18,0,63,30,19,0,0,0,0,0,0,36,0,0,0,0,0,0,0,0,74,0,10,48,56,0,0,0,0,10,50,73,0,37,0,0,0,54,61,0,40,0,0,21,53,15,50,0,23,90,32,0,0,0,0,57,0,56,28,62,28,103,59,0,0,0,105,0,52,0,14,59,0,0,0,0,82,0,0,4,0,0,0,0,8,0,15,0,0,68,0,0,51,107,74,31,0,7,0,67,0,16,0,58,0,0,0,0,0,0,36,26,0,0,39,75,0,0,0,0,0,0,12,79,14,0,0,33,94,59,0,82,0,0,65,0,0,0,0,32,0,4,101,76,46,66,0,0,56,0,0,0,89,0,0,0,0,85,106,0,0,0,0,0,0,71,50,64,0,100,0,0,1,0,31,83,28,75,41,79,99,0,0,0,0,0,22,0,19,61,69,0,0,3,48,0,12,0,97,0,0,47,0,0,0,0,77,0,81,0,0,0,29,0,0,25,1,51,2,0,13,80,0,0,98,0,56,76,0,0,0,58,0,0,55,0,0,11,0,0,0,85,31,0,0,0,14,0,66,0,0,0,39,0,57,0,25,0,36,105,5,0,54,24,0,90,45,85,102,86,0,47,87,0,70,62,0,0,0,103,0,0,0,0,0,10,0,86,0,0,0,99,0,0,0,0,0,0,0,0,88,0,38,20,0,0,30,0,0,0,65,36,0,58,0,46,0,0,100,0,0,0,44,0,0,35,0,22,0,45,1,71,0,2,0,90,0,0,0,0,0,0,64,0,59,0,0,0,89,54,31,0,0,0,13,8,0,95,0,40,0,53,0,0,6,0,0,0,69,0,76,0,0,0,105,0,86,44,36,0,73,0,93,42,0,0,83,0,0,34,0,0,0,0,0,0,25,0,0,75,0,106,0,65,0,11
Crossover Method: Two-Point
Population size: 100
Tournament Size: 10
Mutation Rate: 0.05
_______________________________________________________________________________________
Input File: problems/test3.epp, num of bins: 107, bin capacity: 237
SUCESSFUL run, total iterations: 448
Best Individual Fitness: 0 Total Items utilised: 270 with values: 93,27,0,0,0,0,0,81,5,0,0,88,12,0,64,0,0,17,84,0,0,3,0,2,19,70,0,0,103,105,0,73,1,96,0,64,0,56,57,62,0,5,38,0,0,78,0,0,0,0,0,0,42,10,79,37,0,0,29,0,0,95,42,15,83,0,61,2,0,0,91,4,82,30,56,0,0,56,22,42,0,0,11,0,68,0,0,0,0,0,25,0,0,15,0,100,26,49,44,0,0,104,26,0,0,102,0,0,11,0,0,0,0,0,79,35,99,0,0,75,0,61,0,0,9,93,55,16,0,18,0,92,68,71,0,83,0,11,76,9,87,0,0,21,87,0,92,0,0,105,0,90,42,29,90,31,63,0,1,42,83,92,66,77,66,0,14,0,0,99,30,0,41,0,0,0,0,60,79,0,0,0,24,96,0,0,0,4,0,7,0,0,0,43,44,74,0,49,103,0,0,29,53,0,71,93,0,0,22,35,0,92,11,0,64,25,80,41,66,2,73,66,0,82,48,0,0,0,15,0,0,65,99,84,98,105,0,64,66,60,3,0,45,0,0,0,69,0,10,0,0,0,104,0,0,49,77,59,0,73,0,57,0,0,0,0,1,95,61,0,31,0,0,74,3,68,0,0,74,62,46,100,35,0,0,0,103,55,65,0,75,15,41,103,73,37,69,81,0,0,96,83,42,52,0,0,26,0,37,0,75,84,0,0,0,81,0,0,81,0,0,68,0,0,0,69,59,0,0,29,73,82,0,0,101,11,22,0,0,12,39,86,35,13,0,0,30,50,0,0,46,0,61,1,0,0,0,4,0,0,0,13,17,0,0,0,0,0,0,29,21,0,0,0,0,0,47,65,0,3,0,56,80,0,0,20,0,4,0,9,0,0,4,0,80,10,22,0,28,55,106,0,57,90,0,8,71,89,58,0,0,0,98,0,78,59,106,22,0,79,0,5,84,0,0,52,100,41,102,19,0,83,43,16,58,0,0,0,93,0,0,79,57,6,105,0,0,60,0,8,0,9,63,30,52,104,0,0,99,0,0,0,97,0,0,89,0,0,48,0,7,0,0,0,92,103,0,0,55,40,98,39,66,70,15,0,13,0,0,0,0,82,92,29,0,0,59,93,0,0
Crossover Method: Two-Point
Population size: 100
Tournament Size: 10
Mutation Rate: 0.05
_______________________________________________________________________________________
Input File: problems/test4.epp, num of bins: 200, bin capacity: 537
SUCESSFUL run, total iterations: 8476
Best Individual Fitness: 0 Total Items utilised: 424 with values: 181,0,0,42,38,161,60,130,69,119,38,128,52,72,68,44,9,148,17,84,138,35,37,160,68,96,199,197,72,74,199,0,106,36,103,153,175,149,56,125,109,86,109,38,192,10,0,0,31,170,58,47,57,73,135,18,0,0,121,0,0,0,111,112,55,0,181,77,42,19,30,0,23,108,25,0,138,39,40,8,94,64,143,113,177,171,115,88,127,0,0,75,96,138,72,70,7,2,175,24,105,117,65,17,175,93,19,82,192,192,173,51,199,98,72,75,0,16,153,0,45,94,0,137,9,0,62,125,63,29,182,44,132,116,0,152,108,88,17,29,86,160,0,149,28,145,31,152,142,63,186,180,114,52,68,86,200,137,22,64,70,151,133,143,0,84,12,42,111,58,158,108,0,0,57,159,34,169,0,167,74,29,27,85,13,136,137,125,165,70,145,3,55,154,159,118,126,107,193,8,127,139,127,197,200,36,90,39,199,16,94,78,41,111,0,0,172,131,63,0,9,168,89,70,153,68,0,165,144,199,197,76,84,130,26,0,173,0,125,136,41,171,54,180,153,197,90,102,32,70,61,117,188,189,69,139,64,142,32,0,125,18,69,78,64,172,150,21,15,0,0,167,0,29,179,190,84,0,100,28,144,0,0,61,117,74,0,75,136,193,129,50,25,19,161,8,0,56,126,9,0,94,86,7,0,0,49,85,89,0,0,166,24,0,115,34,0,0,0,0,32,2,100,19,114,0,174,6,102,78,165,17,0,134,0,101,3,102,0,143,63,62,138,192,189,118,11,20,124,65,111,0,52,148,173,82,57,200,80,44,168,100,0,125,131,79,16,54,13,197,120,47,5,6,85,79,175,0,87,34,70,116,122,0,17,42,119,0,94,5,77,107,164,0,76,18,188,92,33,65,82,185,105,182,0,101,0,0,93,37,47,162,0,14,48,14,123,200,155,158,183,17,185,134,47,140,169,73,135,0,88,31,59,48,111,123,128,10,0,127,39,0,200,155,0,101,69,104,0,84,126,71,95,74,78,9,0,178,87,158,199,7,0,0,107,166,170,52,41,51,165,0,79,11,173,66,182,88,0,13,100,149,77,200,99,17,0,78,77,127,45,61,0,60,34,49,179,134,72,54
Crossover Method: Two-Point
Population size: 100
Tournament Size: 10
Mutation Rate: 0.05
_______________________________________________________________________________________
Input File: problems/test4.epp, num of bins: 200, bin capacity: 537
FAILED to find optimal solutionBest Individual Fitness: 1 Total Items utilised: 422 with values: 161,10,68,21,78,110,108,190,100,196,97,163,1,188,163,35,93,99,191,30,65,143,111,0,102,176,71,0,49,0,3,98,147,195,1,116,143,0,173,183,108,184,5,0,65,176,0,150,112,93,177,190,16,107,15,108,130,146,160,70,100,152,0,0,166,107,63,115,26,184,70,0,182,0,50,0,0,15,0,33,143,0,143,32,0,64,60,73,155,22,21,188,177,0,48,194,43,169,35,71,180,34,187,187,102,29,16,90,115,21,130,58,8,195,147,0,5,50,0,72,91,110,82,108,117,18,199,114,96,158,116,159,151,67,0,60,0,171,177,0,170,179,100,58,132,97,159,55,77,110,111,24,176,78,95,139,132,0,96,77,150,19,0,172,162,56,38,36,90,116,177,186,183,116,172,10,138,74,10,40,91,0,0,0,15,59,152,63,139,171,143,0,200,138,95,21,0,54,0,188,23,0,194,28,144,59,45,177,134,64,39,104,64,161,70,13,0,0,187,41,98,64,132,18,126,198,9,0,121,0,129,63,60,187,36,47,109,143,66,56,0,189,62,0,92,176,174,184,5,0,0,122,0,71,162,154,0,167,167,0,0,32,155,121,38,55,162,29,158,39,187,194,0,80,98,85,161,53,80,17,89,0,135,85,155,62,68,96,183,160,0,71,59,39,93,109,108,147,171,192,58,135,180,84,82,107,84,121,96,0,175,130,0,35,0,0,191,169,139,32,98,0,86,29,183,0,0,73,0,3,103,0,193,10,125,126,118,91,44,179,21,120,0,108,45,0,161,177,11,93,183,4,38,118,59,124,133,123,0,126,45,127,101,0,144,162,181,63,134,0,192,89,133,0,0,177,101,147,46,82,162,101,179,40,87,143,162,194,65,177,171,59,154,0,198,29,191,38,0,63,0,138,28,101,33,199,181,0,188,66,69,21,0,114,195,194,43,8,0,29,68,11,133,134,0,40,162,15,0,152,143,104,159,172,67,0,32,145,162,8,190,0,97,186,17,101,198,75,0,140,24,32,196,32,147,190,103,169,69,72,159,67,107,29,163,101,0,51,85,46,0,48,0,183,75,67,81,89,30,0,200,84,29,22,77,196,59,9,10,94,54,131,41,149,25,0,4,0,169,126
Crossover Method: Two-Point
Population size: 100
Tournament Size: 10
Mutation Rate: 0.05
_______________________________________________________________________________________
Input File: problems/test4.epp, num of bins: 250, bin capacity: 537
SUCESSFUL run, total iterations: 6413
Best Individual Fitness: 0 Total Items utilised: 493 with values: 65,81,36,152,249,229,179,181,199,161,223,97,100,206,159,190,221,217,151,81,55,212,226,113,0,125,206,58,7,85,228,153,22,208,121,172,79,82,179,189,157,237,65,27,55,113,149,87,160,129,7,50,157,127,212,218,116,102,29,116,200,58,156,179,229,210,156,54,59,89,40,38,56,83,16,86,4,208,141,75,249,165,57,121,177,142,50,7,125,188,39,29,151,59,185,139,218,40,176,124,238,171,19,241,0,87,53,17,119,110,44,237,93,64,188,104,206,76,142,154,4,94,35,247,216,108,69,210,18,175,151,84,176,35,7,83,8,171,232,141,128,47,188,163,79,179,25,194,104,134,240,113,146,47,249,124,181,39,42,234,97,237,221,71,143,179,108,28,3,208,215,0,58,59,52,5,135,163,117,97,65,3,139,93,162,13,189,149,149,20,210,8,239,35,164,153,92,217,25,225,3,4,25,221,25,190,176,214,98,80,161,150,48,38,93,224,58,178,119,134,90,220,158,157,112,90,16,208,72,133,99,132,107,84,172,244,84,107,102,27,224,232,69,119,85,173,45,87,46,213,200,130,142,230,86,25,127,17,246,153,17,105,208,126,167,215,18,139,227,118,59,17,137,202,237,242,158,16,4,131,163,0,4,31,172,245,28,12,101,183,102,202,100,158,231,142,29,137,248,195,240,238,141,54,127,193,8,42,160,138,63,172,140,153,134,13,216,30,88,22,87,92,25,205,13,0,10,214,180,185,121,129,95,45,247,185,46,101,209,207,205,103,108,57,248,226,119,170,195,139,103,205,40,132,117,227,236,4,127,48,7,111,168,239,26,231,138,243,154,243,75,220,227,227,17,98,217,226,74,151,102,204,112,216,97,204,187,137,214,0,92,224,193,20,95,235,169,29,237,44,164,112,40,184,133,199,200,57,193,220,158,243,120,3,248,121,184,206,158,3,88,211,105,186,36,144,241,207,132,244,95,183,27,211,81,229,90,35,143,41,144,90,207,250,194,4,218,132,155,20,62,57,150,115,113,200,27,239,133,128,204,154,72,18,56,224,11,22,208,80,205,65,141,158,83,151,158,0,143,135,68,148,163,117,44,74,24,86,196,193,208,190,184,189,237,131,109,240,110,200
Crossover Method: Two-Point
Population size: 100
Tournament Size: 10
Mutation Rate: 0.05
_______________________________________________________________________________________
Input File: problems/test2.epp, num of bins: 150, bin capacity: 137
SUCESSFUL run, total iterations: 1897
Best Individual Fitness: 0 Total Items utilised: 381 with values: 28,0,61,11,63,0,130,117,92,48,74,127,103,0,0,61,98,55,35,76,41,0,42,106,114,6,44,62,34,119,0,14,0,37,0,135,106,0,83,0,127,81,80,96,47,89,0,99,143,50,0,67,43,70,59,150,0,120,48,100,37,0,0,43,146,60,140,113,0,42,0,21,130,128,5,0,0,2,137,0,76,103,55,19,143,96,90,41,4,116,140,0,3,125,0,127,58,100,0,13,30,30,149,56,143,110,65,140,125,0,11,0,13,78,51,70,137,51,114,0,100,104,35,0,0,87,0,96,93,0,0,131,113,143,143,0,120,2,121,114,55,0,53,48,22,34,21,0,6,129,129,0,0,111,5,0,128,42,23,60,0,0,40,130,96,61,137,35,130,118,149,130,70,0,68,31,0,97,0,70,131,75,126,55,51,54,137,148,51,101,122,62,113,144,0,92,70,50,137,73,4,58,101,0,0,0,32,0,0,87,0,0,0,59,36,38,98,0,45,147,6,75,104,0,150,40,61,0,92,147,109,137,0,80,147,92,0,18,150,63,10,32,6,15,0,0,0,0,0,41,8,51,5,72,0,1,137,88,70,110,0,114,87,41,0,0,74,149,17,7,56,147,26,0,15,49,67,0,21,56,17,100,104,61,85,146,29,0,0,102,105,80,0,73,113,133,19,90,55,78,58,82,55,133,29,22,19,0,104,105,100,0,138,59,0,0,93,135,37,118,119,106,6,19,149,130,72,23,2,55,106,0,65,47,63,138,0,120,0,0,83,107,50,24,58,147,0,92,61,0,41,119,149,7,81,69,102,39,135,0,0,4,129,0,61,83,62,37,6,0,0,125,105,68,0,0,114,73,60,115,94,92,62,0,72,54,0,0,136,0,66,73,49,35,122,20,74,134,71,5,41,91,103,134,42,111,145,63,0,10,46,117,2,36,0,9,31,77,0,0,94,0,0,22,95,15,0,136,142,126,108,0,53,42,136,0,0,126,17,0,149,0,21,127,0,12,6,125,79,68,20,57,0,0,0,42,149,142,0,72,110,148,77,0,57,0,68,0,131,46,71,0,114,0,106,0,3,61,130,90,146,91,0,95,134,75,31,112,0,106,135,86,0,85,0,0,82,12,120,118
Crossover Method: Two-Point
Population size: 100
Tournament Size: 10
Mutation Rate: 0.05
_______________________________________________________________________________________
Input File: problems/test2.epp, num of bins: 150, bin capacity: 137
SUCESSFUL run, total iterations: 1451
Best Individual Fitness: 0 Total Items utilised: 381 with values: 140,0,0,44,94,143,45,48,0,47,12,0,106,124,128,17,127,105,2,60,23,34,6,120,0,0,107,27,129,120,0,22,120,94,32,45,42,0,21,35,119,0,79,58,70,0,8,63,117,0,30,0,13,24,111,0,118,0,23,9,0,0,0,18,0,51,0,0,0,82,60,18,75,109,102,0,1,60,144,82,121,0,123,25,0,102,132,90,144,89,60,0,120,137,64,91,69,104,0,130,0,0,16,0,12,58,107,84,88,7,3,41,0,139,43,36,120,73,135,55,135,32,42,64,99,123,139,56,144,149,60,140,0,87,0,3,38,35,95,134,75,59,3,72,54,0,0,84,21,53,143,53,0,0,51,4,0,142,0,45,0,51,138,0,37,63,0,86,128,47,27,60,44,0,114,129,69,69,124,8,19,0,53,0,23,95,49,0,29,29,9,0,0,28,0,14,77,136,0,114,76,63,0,0,91,131,0,0,131,101,114,0,86,38,105,0,1,79,13,39,137,113,0,45,66,42,85,0,0,90,19,0,110,92,26,0,120,24,85,0,46,7,8,2,0,83,0,9,116,131,0,129,0,0,57,55,138,141,93,0,89,145,39,24,0,0,0,0,21,111,136,114,0,107,111,113,39,0,143,111,108,125,114,0,141,73,7,0,76,137,16,92,70,138,18,45,0,73,104,67,50,99,93,144,95,145,140,113,114,135,137,0,70,0,84,0,0,0,0,30,74,7,94,11,138,34,52,73,61,65,0,0,130,7,133,1,3,0,0,0,37,0,0,99,114,0,90,142,132,122,2,82,126,12,138,85,104,131,0,114,123,117,111,138,128,13,137,23,95,0,52,33,149,55,26,0,35,59,93,139,89,61,0,129,15,0,0,94,98,132,0,61,55,79,0,33,81,79,0,113,127,18,0,132,71,134,139,0,23,93,46,67,38,0,51,124,58,106,149,0,41,103,84,132,146,85,69,123,27,142,93,0,38,0,23,99,109,81,0,61,62,114,70,0,0,48,17,0,62,114,1,109,68,120,126,139,101,0,138,60,143,80,137,106,100,137,105,117,59,59,148,0,8,116,83,37,118,0,0,0,32,0,0,18,71,99,17,66,11,69,32,64,85,100,25,0,125,0,0,69
Crossover Method: Uniform
Population size: 100
Tournament Size: 10
Mutation Rate: 0.05
_______________________________________________________________________________________
Input File: problems/test2.epp, num of bins: 150, bin capacity: 137
SUCESSFUL run, total iterations: 1066
Best Individual Fitness: 0 Total Items utilised: 386 with values: 0,0,7,107,0,0,0,54,143,149,100,0,112,0,60,75,59,2,104,106,124,29,57,18,41,58,114,0,0,127,93,134,63,1,0,134,108,0,136,25,63,122,0,89,128,65,10,0,117,0,89,0,0,28,100,0,147,0,48,65,55,62,0,130,122,60,12,91,10,68,0,27,17,0,0,0,0,113,87,107,66,71,120,107,0,5,20,52,91,0,86,133,58,105,0,123,55,0,0,132,135,30,72,139,0,120,18,0,27,35,142,6,27,32,57,134,12,139,0,86,0,148,25,138,117,86,98,0,52,0,135,21,0,138,16,0,76,47,13,29,72,0,63,0,73,0,0,38,117,11,123,74,0,131,89,73,1,5,0,149,0,26,110,44,0,146,139,51,106,144,77,118,68,136,0,8,0,91,23,44,0,40,59,29,4,2,28,103,64,137,61,126,72,0,107,58,23,122,148,111,45,38,0,62,1,13,117,125,54,70,15,75,15,103,148,0,0,0,106,34,3,11,96,126,46,50,80,0,0,60,51,0,28,104,42,32,49,62,0,138,52,0,27,92,57,0,69,0,37,107,0,92,93,2,0,147,138,43,11,0,0,84,135,14,120,123,58,124,59,142,52,70,74,0,3,0,0,61,95,89,8,128,124,0,148,29,137,41,0,107,0,0,0,85,31,71,75,70,114,128,62,15,4,70,81,75,0,120,17,0,101,21,0,44,109,146,5,0,30,0,117,42,150,149,62,0,12,55,23,71,9,52,36,0,0,147,24,0,55,0,41,147,0,1,150,41,0,43,0,116,139,101,132,61,19,4,0,22,0,44,0,124,47,67,22,0,124,129,45,17,11,20,117,130,0,91,138,3,12,52,80,149,101,126,65,78,86,69,132,0,122,91,19,96,0,141,2,150,23,0,44,119,0,143,120,50,2,0,117,75,0,64,142,112,122,93,18,109,7,117,94,107,19,82,29,106,68,53,24,0,17,76,50,0,0,144,15,12,0,63,149,0,73,90,120,89,0,0,0,0,49,147,50,121,45,57,58,0,0,71,105,31,29,118,128,97,35,17,150,122,109,0,39,114,8,0,20,38,0,32,117,0,126,65,87,131,0,18,78,0,18,83,64,73,135,0,20,11,108,50
Crossover Method: One-Point
Population size: 100
Tournament Size: 10
Mutation Rate: 0.05
_______________________________________________________________________________________
Input File: problems/test2.epp, num of bins: 150, bin capacity: 137
SUCESSFUL run, total iterations: 2106
Best Individual Fitness: 0 Total Items utilised: 384 with values: 0,0,0,38,21,0,28,77,0,93,102,35,83,0,69,0,0,0,55,84,104,15,119,76,44,10,33,76,0,50,0,18,118,32,109,35,115,0,149,43,84,124,0,60,121,0,63,12,13,0,0,123,81,64,63,122,117,0,114,66,92,52,11,28,114,0,63,94,85,92,0,63,99,71,0,0,2,100,148,28,125,75,139,34,3,41,137,120,0,10,0,0,116,26,0,84,145,36,0,56,0,116,22,33,113,144,129,18,65,18,87,129,69,93,0,123,128,95,13,58,0,107,82,18,0,49,3,0,98,0,131,106,74,130,48,0,101,79,22,38,139,0,86,0,114,0,50,0,73,76,12,20,148,146,121,1,131,3,0,45,143,36,76,139,113,141,40,0,38,45,67,146,102,60,0,0,50,128,0,87,4,8,84,97,146,0,87,42,150,89,78,111,39,82,0,6,19,76,134,38,0,16,104,0,0,0,34,0,126,99,58,42,81,7,87,0,0,85,29,31,108,50,53,122,27,137,133,8,0,0,22,129,0,32,88,0,0,48,0,53,0,113,49,0,0,51,0,48,101,88,55,62,4,118,39,137,130,146,132,3,109,75,97,100,0,146,0,0,105,38,74,136,36,0,51,0,25,0,98,54,15,0,90,16,105,112,79,0,89,126,0,142,122,109,79,77,86,84,49,38,83,43,82,43,99,129,0,0,109,137,32,42,71,0,32,0,0,0,121,0,1,9,105,68,148,0,35,13,64,115,125,82,39,10,136,0,139,0,0,0,106,32,21,51,133,77,0,63,66,127,138,132,127,8,92,34,0,14,141,0,59,2,92,33,63,0,15,122,24,106,44,0,0,0,0,0,132,110,97,106,80,40,112,111,83,17,33,117,3,86,0,42,145,0,0,82,0,65,80,135,149,80,0,26,26,87,134,121,94,0,16,36,69,0,0,113,15,28,22,143,101,0,140,66,36,36,69,7,60,0,94,0,54,1,91,83,0,124,76,91,136,0,6,89,0,34,122,0,45,90,130,104,89,61,0,45,3,39,0,52,131,96,101,13,59,0,35,116,92,11,44,0,72,0,71,0,48,0,107,141,18,0,0,134,53,20,110,14,123,8,117,57,68,14,7,70,115,0,56,17
Crossover Method: One-Point
Population size: 100
Tournament Size: 10
Mutation Rate: 0.05
_______________________________________________________________________________________
